               -608.6681261527
          0.000038899       0.000000000      -0.000000000
          0.000000000       0.000038899      -0.000000000
         -0.000000000      -0.000000000      -0.000000916
          72
  1    14      -0.000000003      -0.000000032      -0.001791076  Si
  1    14      -0.000000002       0.000000004       0.001791085  Si
  1    14      -0.000000001      -0.000000031      -0.001791080  Si
  1    14       0.000000001       0.000000006       0.001791086  Si
  1    14       0.000000003      -0.000000029      -0.001791079  Si
  1    14       0.000000003       0.000000007       0.001791082  Si
  1    14       0.000000003      -0.000000028      -0.001791074  Si
  1    14       0.000000003       0.000000007       0.001791077  Si
  1    14       0.000000001      -0.000000030      -0.001791071  Si
  1    14      -0.000000001       0.000000005       0.001791077  Si
  1    14      -0.000000002      -0.000000032      -0.001791071  Si
  1    14      -0.000000003       0.000000003       0.001791080  Si
  1    14      -0.000000003       0.000000029      -0.001791066  Si
  1    14      -0.000000002       0.000000054       0.001791052  Si
  1    14      -0.000000001       0.000000031      -0.001791070  Si
  1    14       0.000000001       0.000000056       0.001791053  Si
  1    14       0.000000003       0.000000033      -0.001791069  Si
  1    14       0.000000003       0.000000057       0.001791049  Si
  1    14       0.000000003       0.000000033      -0.001791065  Si
  1    14       0.000000003       0.000000056       0.001791044  Si
  1    14       0.000000001       0.000000032      -0.001791061  Si
  1    14      -0.000000001       0.000000055       0.001791044  Si
  1    14      -0.000000002       0.000000030      -0.001791062  Si
  1    14      -0.000000003       0.000000053       0.001791047  Si
  1    14      -0.000000003       0.000000047      -0.001791004  Si
  1    14      -0.000000002       0.000000043       0.001790986  Si
  1    14      -0.000000001       0.000000048      -0.001791007  Si
  1    14       0.000000001       0.000000044       0.001790986  Si
  1    14       0.000000003       0.000000050      -0.001791007  Si
  1    14       0.000000003       0.000000046       0.001790983  Si
  1    14       0.000000003       0.000000051      -0.001791002  Si
  1    14       0.000000003       0.000000045       0.001790978  Si
  1    14       0.000000001       0.000000049      -0.001790998  Si
  1    14      -0.000000001       0.000000043       0.001790977  Si
  1    14      -0.000000002       0.000000047      -0.001790999  Si
  1    14      -0.000000003       0.000000042       0.001790981  Si
  1    14      -0.000000003       0.000000024      -0.001790951  Si
  1    14      -0.000000002      -0.000000005       0.001790950  Si
  1    14      -0.000000001       0.000000026      -0.001790955  Si
  1    14       0.000000001      -0.000000003       0.001790951  Si
  1    14       0.000000003       0.000000028      -0.001790954  Si
  1    14       0.000000003      -0.000000002       0.001790947  Si
  1    14       0.000000003       0.000000028      -0.001790950  Si
  1    14       0.000000003      -0.000000002       0.001790943  Si
  1    14       0.000000001       0.000000027      -0.001790946  Si
  1    14      -0.000000001      -0.000000004       0.001790942  Si
  1    14      -0.000000002       0.000000025      -0.001790947  Si
  1    14      -0.000000003      -0.000000006       0.001790945  Si
  1    14      -0.000000003      -0.000000029      -0.001790961  Si
  1    14      -0.000000002      -0.000000050       0.001790981  Si
  1    14      -0.000000001      -0.000000028      -0.001790965  Si
  1    14       0.000000001      -0.000000048       0.001790982  Si
  1    14       0.000000003      -0.000000026      -0.001790964  Si
  1    14       0.000000003      -0.000000047       0.001790978  Si
  1    14       0.000000003      -0.000000025      -0.001790959  Si
  1    14       0.000000003      -0.000000047       0.001790973  Si
  1    14       0.000000001      -0.000000027      -0.001790956  Si
  1    14      -0.000000001      -0.000000049       0.001790973  Si
  1    14      -0.000000002      -0.000000028      -0.001790956  Si
  1    14      -0.000000003      -0.000000051       0.001790976  Si
  1    14      -0.000000003      -0.000000055      -0.001791023  Si
  1    14      -0.000000002      -0.000000041       0.001791048  Si
  1    14      -0.000000001      -0.000000053      -0.001791027  Si
  1    14       0.000000001      -0.000000039       0.001791048  Si
  1    14       0.000000003      -0.000000052      -0.001791026  Si
  1    14       0.000000003      -0.000000038       0.001791045  Si
  1    14       0.000000003      -0.000000051      -0.001791022  Si
  1    14       0.000000003      -0.000000038       0.001791040  Si
  1    14       0.000000001      -0.000000053      -0.001791018  Si
  1    14      -0.000000001      -0.000000040       0.001791039  Si
  1    14      -0.000000002      -0.000000054      -0.001791019  Si
  1    14      -0.000000003      -0.000000041       0.001791043  Si
