               -603.4701585055
         -0.000011682       0.000000000       0.000000000
          0.000000000      -0.000011682      -0.000000000
         -0.000000000      -0.000000000      -0.000003439
          72
  1    14      -0.000000000       0.000000001      -0.006946008  Si
  1    14      -0.000000000       0.000000009       0.006946005  Si
  1    14      -0.000000000       0.000000001      -0.006946008  Si
  1    14       0.000000000       0.000000009       0.006946006  Si
  1    14       0.000000000       0.000000001      -0.006946008  Si
  1    14       0.000000000       0.000000010       0.006946005  Si
  1    14       0.000000000       0.000000001      -0.006946008  Si
  1    14       0.000000000       0.000000010       0.006946005  Si
  1    14       0.000000000       0.000000001      -0.006946008  Si
  1    14      -0.000000000       0.000000009       0.006946005  Si
  1    14      -0.000000000       0.000000001      -0.006946008  Si
  1    14      -0.000000000       0.000000009       0.006946005  Si
  1    14      -0.000000000       0.000000006      -0.006945999  Si
  1    14      -0.000000000       0.000000003       0.006945997  Si
  1    14      -0.000000000       0.000000006      -0.006945999  Si
  1    14       0.000000000       0.000000004       0.006945997  Si
  1    14       0.000000000       0.000000006      -0.006945999  Si
  1    14       0.000000000       0.000000004       0.006945997  Si
  1    14       0.000000000       0.000000006      -0.006945998  Si
  1    14       0.000000000       0.000000004       0.006945997  Si
  1    14       0.000000000       0.000000006      -0.006945998  Si
  1    14      -0.000000000       0.000000003       0.006945996  Si
  1    14      -0.000000000       0.000000006      -0.006945998  Si
  1    14      -0.000000000       0.000000003       0.006945997  Si
  1    14      -0.000000000       0.000000004      -0.006945994  Si
  1    14      -0.000000000      -0.000000004       0.006945993  Si
  1    14      -0.000000000       0.000000004      -0.006945994  Si
  1    14       0.000000000      -0.000000004       0.006945994  Si
  1    14       0.000000000       0.000000004      -0.006945994  Si
  1    14       0.000000000      -0.000000003       0.006945993  Si
  1    14       0.000000000       0.000000004      -0.006945994  Si
  1    14       0.000000000      -0.000000004       0.006945993  Si
  1    14       0.000000000       0.000000004      -0.006945993  Si
  1    14      -0.000000000      -0.000000004       0.006945993  Si
  1    14      -0.000000000       0.000000004      -0.006945993  Si
  1    14      -0.000000000      -0.000000004       0.006945993  Si
  1    14      -0.000000000      -0.000000003      -0.006945996  Si
  1    14      -0.000000000      -0.000000006       0.006945997  Si
  1    14      -0.000000000      -0.000000003      -0.006945996  Si
  1    14       0.000000000      -0.000000006       0.006945998  Si
  1    14       0.000000000      -0.000000003      -0.006945996  Si
  1    14       0.000000000      -0.000000006       0.006945997  Si
  1    14       0.000000000      -0.000000003      -0.006945996  Si
  1    14       0.000000000      -0.000000006       0.006945997  Si
  1    14       0.000000000      -0.000000003      -0.006945995  Si
  1    14      -0.000000000      -0.000000006       0.006945997  Si
  1    14      -0.000000000      -0.000000003      -0.006945995  Si
  1    14      -0.000000000      -0.000000006       0.006945997  Si
  1    14      -0.000000000      -0.000000009      -0.006946004  Si
  1    14      -0.000000000      -0.000000002       0.006946007  Si
  1    14      -0.000000000      -0.000000009      -0.006946004  Si
  1    14       0.000000000      -0.000000002       0.006946007  Si
  1    14       0.000000000      -0.000000009      -0.006946004  Si
  1    14       0.000000000      -0.000000002       0.006946007  Si
  1    14       0.000000000      -0.000000009      -0.006946004  Si
  1    14       0.000000000      -0.000000002       0.006946006  Si
  1    14       0.000000000      -0.000000009      -0.006946004  Si
  1    14      -0.000000000      -0.000000002       0.006946006  Si
  1    14      -0.000000000      -0.000000010      -0.006946004  Si
  1    14      -0.000000000      -0.000000002       0.006946007  Si
  1    14      -0.000000000      -0.000000006      -0.006946010  Si
  1    14      -0.000000000       0.000000004       0.006946010  Si
  1    14      -0.000000000      -0.000000006      -0.006946010  Si
  1    14       0.000000000       0.000000004       0.006946010  Si
  1    14       0.000000000      -0.000000006      -0.006946010  Si
  1    14       0.000000000       0.000000005       0.006946010  Si
  1    14       0.000000000      -0.000000006      -0.006946010  Si
  1    14       0.000000000       0.000000005       0.006946010  Si
  1    14       0.000000000      -0.000000006      -0.006946010  Si
  1    14      -0.000000000       0.000000004       0.006946010  Si
  1    14      -0.000000000      -0.000000006      -0.006946010  Si
  1    14      -0.000000000       0.000000004       0.006946010  Si
