    24
     1   -0.047916   -0.027665    0.000000       0.027778
     2   -0.023958   -0.013832    0.000000       0.027778
     3    0.000000    0.000000    0.000000       0.027778
     4    0.023958    0.013832    0.000000       0.027778
     5    0.047916    0.027665    0.000000       0.027778
     6    0.071875    0.041497    0.000000       0.027778
     7   -0.047916    0.000000    0.000000       0.055556
     8   -0.023958    0.013832    0.000000       0.055556
     9    0.000000    0.027665    0.000000       0.055556
    10    0.023958    0.041497    0.000000       0.055556
    11    0.047916    0.055329    0.000000       0.055556
    12    0.071875    0.069161    0.000000       0.055556
    13   -0.047916    0.027665    0.000000       0.055556
    14   -0.023958    0.041497    0.000000       0.055556
    15    0.000000    0.055329    0.000000       0.055556
    16    0.023958    0.069161    0.000000       0.055556
    17    0.047916    0.082994    0.000000       0.055556
    18    0.071875    0.096826    0.000000       0.055556
    19   -0.047916    0.055329    0.000000       0.027778
    20   -0.023958    0.069161    0.000000       0.027778
    21    0.000000    0.082994    0.000000       0.027778
    22    0.023958    0.096826    0.000000       0.027778
    23    0.047916    0.110658    0.000000       0.027778
    24    0.071875    0.124490    0.000000       0.027778
