               -603.4122811311
          0.000001603      -0.000000000      -0.000000000
         -0.000000000       0.000001603      -0.000000000
         -0.000000000      -0.000000000      -0.000000175
          72
  1    14       0.000000041      -0.000002454      -0.000192168  Si
  1    14       0.000000029      -0.000002189       0.000193405  Si
  1    14       0.000000005      -0.000002471      -0.000192114  Si
  1    14      -0.000000016      -0.000002210       0.000193400  Si
  1    14      -0.000000036      -0.000002493      -0.000192138  Si
  1    14      -0.000000046      -0.000002228       0.000193469  Si
  1    14      -0.000000042      -0.000002498      -0.000192217  Si
  1    14      -0.000000029      -0.000002223       0.000193543  Si
  1    14      -0.000000005      -0.000002481      -0.000192271  Si
  1    14       0.000000016      -0.000002202       0.000193548  Si
  1    14       0.000000036      -0.000002459      -0.000192247  Si
  1    14       0.000000045      -0.000002184       0.000193478  Si
  1    14       0.000000044      -0.000001417      -0.000195459  Si
  1    14       0.000000032      -0.000000024       0.000195817  Si
  1    14       0.000000009      -0.000001434      -0.000195398  Si
  1    14      -0.000000012      -0.000000045       0.000195805  Si
  1    14      -0.000000035      -0.000001455      -0.000195416  Si
  1    14      -0.000000045      -0.000000060       0.000195868  Si
  1    14      -0.000000043      -0.000001458      -0.000195496  Si
  1    14      -0.000000033      -0.000000051       0.000195944  Si
  1    14      -0.000000009      -0.000001439      -0.000195557  Si
  1    14       0.000000013      -0.000000030       0.000195956  Si
  1    14       0.000000034      -0.000001419      -0.000195539  Si
  1    14       0.000000045      -0.000000015       0.000195892  Si
  1    14       0.000000041       0.000001047      -0.000195325  Si
  1    14       0.000000032       0.000002190       0.000194401  Si
  1    14       0.000000011       0.000001028      -0.000195265  Si
  1    14      -0.000000009       0.000002166       0.000194386  Si
  1    14      -0.000000030       0.000001005      -0.000195277  Si
  1    14      -0.000000041       0.000002151       0.000194442  Si
  1    14      -0.000000041       0.000001004      -0.000195349  Si
  1    14      -0.000000033       0.000002160       0.000194514  Si
  1    14      -0.000000012       0.000001023      -0.000195410  Si
  1    14       0.000000009       0.000002184       0.000194530  Si
  1    14       0.000000030       0.000001045      -0.000195398  Si
  1    14       0.000000042       0.000002199       0.000194473  Si
  1    14       0.000000038       0.000002471      -0.000191898  Si
  1    14       0.000000029       0.000002238       0.000190581  Si
  1    14       0.000000009       0.000002449      -0.000191842  Si
  1    14      -0.000000009       0.000002213       0.000190569  Si
  1    14      -0.000000028       0.000002426      -0.000191854  Si
  1    14      -0.000000038       0.000002196       0.000190624  Si
  1    14      -0.000000037       0.000002422      -0.000191920  Si
  1    14      -0.000000029       0.000002205       0.000190690  Si
  1    14      -0.000000009       0.000002443      -0.000191976  Si
  1    14       0.000000009       0.000002231       0.000190701  Si
  1    14       0.000000027       0.000002468      -0.000191965  Si
  1    14       0.000000038       0.000002247       0.000190646  Si
  1    14       0.000000036       0.000001451      -0.000188611  Si
  1    14       0.000000024       0.000000072       0.000188167  Si
  1    14       0.000000006       0.000001430      -0.000188563  Si
  1    14      -0.000000012       0.000000047       0.000188163  Si
  1    14      -0.000000032       0.000001405      -0.000188579  Si
  1    14      -0.000000037       0.000000028       0.000188221  Si
  1    14      -0.000000036       0.000001400      -0.000188645  Si
  1    14      -0.000000025       0.000000034       0.000188283  Si
  1    14      -0.000000005       0.000001420      -0.000188695  Si
  1    14       0.000000012       0.000000060       0.000188286  Si
  1    14       0.000000031       0.000001445      -0.000188677  Si
  1    14       0.000000038       0.000000079       0.000188228  Si
  1    14       0.000000038      -0.000001023      -0.000188750  Si
  1    14       0.000000025      -0.000002128       0.000189579  Si
  1    14       0.000000003      -0.000001041      -0.000188702  Si
  1    14      -0.000000016      -0.000002151       0.000189578  Si
  1    14      -0.000000035      -0.000001064      -0.000188725  Si
  1    14      -0.000000041      -0.000002169       0.000189644  Si
  1    14      -0.000000039      -0.000001070      -0.000188797  Si
  1    14      -0.000000026      -0.000002164       0.000189710  Si
  1    14      -0.000000004      -0.000001053      -0.000188846  Si
  1    14       0.000000017      -0.000002140       0.000189712  Si
  1    14       0.000000035      -0.000001030      -0.000188823  Si
  1    14       0.000000042      -0.000002121       0.000189646  Si
